1_175_2_524_laptop_air_xin_norm 0.995762 0.046963 0.055029 0.056784 -0.016818 0.015157 -0.024435 1.2466613054275513
4_312_1_90_camera_canon_len_norm 0.967002 0.181592 -0.175659 -0.032802 0.026534 -0.117951 0.123491 0.17812815308570862
6_66_1_309_bowl_white_small_norm 0.999998 -0.000630 0.001414 0.000798 0.011179 0.012153 0.025544 1.0169321298599243
2_182_1_300_mug_daniel_norm 0.999831 -0.000701 -0.012254 0.013661 0.030787 -0.003877 0.005535 1.1229716539382935
1_316_2_220_mug_daniel_norm 0.993286 0.094425 0.026531 0.061336 -0.016603 0.001724 -0.036609 0.9447232484817505
3_513_4_196_laptop_mac_pro_norm 0.926286 -0.119299 -0.188136 -0.303920 -0.031649 0.011245 0.233555 0.03711116313934326
2_159_5_53_camera_shengjun_norm 0.957312 -0.057717 -0.266095 -0.097032 -0.136909 -0.011209 0.380491 0.10977854579687119
5_160_6_376_laptop_alienware_norm 0.998165 0.017835 0.057420 -0.007179 -0.339691 -0.386848 -0.736975 0.7953848838806152
1_359_4_432_camera_canon_len_norm 0.981790 0.079721 0.109788 0.132964 -0.086803 0.036605 -0.142742 0.24419869482517242
1_310_5_188_bowl_white_small_norm 0.999744 0.006632 0.012189 0.017859 0.014089 -0.011259 -0.030068 1.5823181867599487
3_118_6_258_mug_brown_starbucks_norm 0.999945 0.001244 0.005991 0.008462 -0.006192 -0.001142 -0.013786 0.9980735182762146
6_411_4_339_mug_anastasia_norm 0.997720 0.012175 -0.046976 0.046911 0.183987 -0.178736 -0.357678 2.2995846271514893
6_214_3_521_mug_brown_starbucks_norm 0.999864 0.006703 0.010067 0.011232 -0.026942 -0.054400 -0.116406 0.5552331209182739
4_471_3_157_laptop_mac_pro_norm 0.984857 0.082171 0.101458 0.114070 -0.078389 -0.042066 0.222280 0.8151629567146301
5_154_2_237_camera_shengjun_norm 0.999970 0.000052 -0.005411 0.005605 -0.004353 -0.005370 -0.006645 0.5013278722763062
6_314_4_264_mug_anastasia_norm 0.983850 0.032903 0.120522 -0.128180 -0.784645 -0.091375 -0.498260 1.1600395441055298
4_44_1_81_camera_canon_len_norm 0.999998 0.000997 -0.000640 0.001793 0.005190 0.002051 -0.001798 1.1653205156326294
5_405_6_336_laptop_alienware_norm 0.975304 -0.180031 -0.120049 -0.044266 -0.071586 0.222693 -0.000089 0.9550081491470337
6_98_5_88_laptop_alienware_norm 0.960011 0.098771 0.261941 -0.003059 0.041594 0.057988 0.274196 0.2830122113227844
2_556_1_218_laptop_air_xin_norm 0.989485 -0.135888 -0.008159 -0.048868 -0.003903 0.000345 -0.022935 1.0923384428024292