5_313_2_381_camera_shengjun_norm 0.997729 0.035870 -0.000112 -0.057016 -0.003491 -0.008251 0.047651 2.5576820373535156
2_29_1_32_mug_daniel_norm 0.992762 -0.019621 -0.028700 -0.114953 -0.008358 0.008395 0.055945 0.49559614062309265
1_71_2_138_mug_daniel_norm 0.998320 0.023941 0.030968 0.042720 0.020604 -0.010889 -0.046608 1.9353289604187012
2_263_1_368_mug_daniel_norm 0.978119 -0.024194 0.002952 0.206611 0.005343 -0.004589 -0.050628 2.723769426345825
5_277_6_317_laptop_alienware_norm 0.998416 0.001509 0.002024 0.056205 0.000668 0.003476 0.036442 0.5051409602165222
6_351_5_275_laptop_alienware_norm 0.981009 -0.030934 0.002530 0.191460 0.004697 0.018384 0.029078 1.1166534423828125
6_423_5_176_bowl_white_small_norm 0.999763 0.000055 -0.011076 -0.018723 -0.003563 0.006930 0.051612 2.1856002807617188
5_356_2_335_camera_shengjun_norm 0.979748 -0.020636 0.001586 0.199161 0.001869 -0.004092 0.024509 6.3359785079956055
3_241_4_433_laptop_mac_pro_norm 0.999701 -0.015094 0.006118 -0.018230 -0.005265 -0.003928 0.021475 2.122523069381714
2_117_1_169_mug_daniel_norm 0.999672 0.008567 0.004771 0.023646 -0.007963 0.009712 -0.005535 1.2091846466064453
6_250_3_515_mug_brown_starbucks_norm 0.998140 -0.021897 0.001729 -0.056872 -0.004595 0.012637 -0.014635 0.583119809627533
2_580_5_417_camera_shengjun_norm 0.998136 -0.010705 0.031541 0.051130 0.012325 0.018576 -0.045416 2.1545238494873047
6_208_4_182_mug_anastasia_norm 0.986985 0.006441 -0.044643 -0.154356 0.003836 0.005037 0.031786 1.2226837873458862
2_131_4_78_bottle_red_stanford_norm 0.999742 -0.007956 -0.004400 -0.020834 0.008316 -0.006409 -0.005407 2.5000271797180176
2_177_5_6_camera_shengjun_norm 0.972226 0.047393 -0.007576 -0.229070 0.003821 -0.008255 -0.037389 1.8580008745193481
5_49_2_64_camera_shengjun_norm 0.998407 0.003618 -0.031720 -0.046521 0.001204 0.003797 -0.036600 1.554033637046814
3_137_6_131_mug_brown_starbucks_norm 0.999533 -0.019897 0.007889 -0.021817 -0.013031 -0.003429 -0.010665 1.8575321435928345
1_40_2_556_laptop_air_xin_norm 0.986788 0.051503 0.025818 -0.151428 0.007109 -0.013125 -0.013347 1.8272291421890259
1_320_2_263_mug_daniel_norm 0.998939 0.007831 0.005921 0.044994 -0.024879 0.033557 0.042015 1.3296459913253784
2_145_1_71_mug_daniel_norm 0.999131 -0.004943 0.000616 -0.041382 -0.007376 -0.005144 0.035977 3.1006274223327637
2_573_1_218_laptop_air_xin_norm 0.999589 0.005924 0.015130 0.023603 0.003267 0.012755 -0.016683 1.5086272954940796
5_384_2_498_camera_shengjun_norm 0.999796 -0.019622 0.001167 0.004701 -0.004464 0.000648 0.044807 1.1204650402069092
2_120_5_246_camera_shengjun_norm 0.999905 -0.013549 0.002047 -0.001158 -0.000458 -0.004906 0.000917 1.9992280006408691
2_175_5_29_camera_shengjun_norm 0.999479 -0.016076 0.000117 -0.027981 -0.002776 0.009618 0.025161 1.5715842247009277
1_194_5_362_bowl_white_small_norm 0.999560 -0.002746 0.013125 0.026447 -0.006635 -0.006304 -0.040247 1.4012296199798584
5_183_6_475_laptop_alienware_norm 0.999837 0.004756 0.005884 -0.016366 0.012744 0.006968 -0.036983 0.8233641982078552
1_191_4_452_camera_canon_len_norm 0.996547 0.007162 -0.047146 0.067974 -0.007598 0.001910 0.024732 0.9257510900497437
6_374_1_194_bowl_white_small_norm 0.999050 0.025940 0.026848 -0.022473 -0.017059 0.019461 0.035301 0.5052057504653931
3_456_4_158_laptop_mac_pro_norm 0.999535 0.006252 -0.006309 0.029182 0.001545 0.010976 0.040899 1.88076651096344
6_497_5_5_bowl_white_small_norm 0.994719 -0.007437 0.000829 0.102359 -0.007908 0.011093 0.032620 3.1607871055603027
2_561_1_200_laptop_air_xin_norm 0.999846 0.006949 -0.006408 0.014763 0.017674 -0.005429 -0.092080 1.3329493999481201
5_78_6_508_laptop_alienware_norm 0.999402 -0.006265 -0.020022 -0.027476 -0.016312 -0.008413 0.012527 1.0004386901855469
1_348_6_136_bowl_white_small_norm 0.998077 -0.000430 -0.041400 -0.046122 -0.000182 -0.013648 0.011455 3.1887619495391846
1_14_2_146_laptop_air_xin_norm 0.995008 -0.035601 0.081518 -0.045248 -0.009871 -0.005377 -0.003693 3.177626132965088
2_15_1_118_mug_daniel_norm 0.999885 -0.011756 -0.005223 -0.007975 0.006108 -0.001486 -0.047206 0.2649381160736084
6_346_4_260_mug_anastasia_norm 0.999291 0.031235 0.020706 0.003517 0.001820 -0.000989 0.001826 2.5993430614471436
1_145_2_15_mug_daniel_norm 0.999333 0.016097 -0.000126 0.032769 0.010407 -0.002700 -0.042007 3.9024226665496826
3_154_6_237_mug_brown_starbucks_norm 0.982502 -0.010679 0.010207 -0.185665 -0.035752 -0.019555 0.096565 1.048658847808838
5_88_3_158_camera_canon_wo_len_norm 0.994645 0.023322 -0.002045 -0.100662 -0.007636 0.017273 0.000947 2.179145574569702
6_131_3_22_mug_brown_starbucks_norm 0.998491 0.006533 0.054408 0.003458 -0.012697 -0.004979 0.011344 1.6291987895965576
3_387_4_449_laptop_mac_pro_norm 0.998140 -0.011050 0.017464 -0.057347 0.013787 0.013798 0.021830 1.3659998178482056
5_433_3_90_camera_canon_wo_len_norm 0.993984 -0.023544 -0.040513 -0.099000 0.016635 0.010871 0.059743 2.853850841522217
4_396_6_195_mug_anastasia_norm 0.997955 -0.031238 -0.012656 -0.054305 0.007151 0.013536 -0.000700 1.0637319087982178
3_15_6_296_mug_brown_starbucks_norm 0.998702 0.038872 0.023530 -0.023030 0.003990 0.009429 -0.015382 2.139295816421509
1_269_2_55_laptop_air_xin_norm 0.997139 -0.013814 0.055282 0.049669 0.013364 -0.020807 -0.012371 1.0037505626678467
4_335_1_378_camera_canon_len_norm 0.996858 0.017029 0.009774 0.076736 -0.017379 0.006968 0.031734 2.1257495880126953
4_249_6_368_mug_anastasia_norm 0.975484 0.079915 0.023249 0.203725 -0.001121 -0.040912 0.069488 1.248860478401184
3_14_6_551_mug_brown_starbucks_norm 0.985527 -0.003401 -0.067631 -0.155404 0.015552 -0.005950 -0.083288 1.5885469913482666
4_324_3_124_laptop_mac_pro_norm 0.998569 0.051167 0.001205 -0.015486 -0.008389 -0.008272 0.002731 2.6358559131622314
2_449_1_357_mug_daniel_norm 0.990681 -0.048833 0.002481 -0.127121 0.005647 0.013875 0.010967 1.5436632633209229
6_428_4_339_mug_anastasia_norm 0.997548 0.043244 0.000854 -0.055019 -0.009665 0.007810 0.013441 0.5646060109138489
3_351_4_257_laptop_mac_pro_norm 0.999601 -0.003503 -0.010550 0.025977 0.021512 -0.026864 -0.005566 1.3245341777801514
6_560_5_247_laptop_alienware_norm 0.995595 0.001534 0.023931 -0.090644 -0.012898 -0.010122 0.032729 1.572903037071228
2_421_4_451_can_green_norm 0.999379 -0.035004 0.000624 0.004016 -0.001303 0.032750 -0.015328 1.8521382808685303
4_291_3_156_laptop_mac_pro_norm 0.998307 -0.039374 -0.020874 -0.037377 -0.008489 0.014812 0.027651 2.6007399559020996
2_524_1_386_mug_daniel_norm 0.999149 -0.004411 -0.035987 -0.019656 -0.025637 -0.024040 0.104312 1.2271989583969116
3_317_6_94_mug_brown_starbucks_norm 0.999179 -0.004679 0.006858 0.039653 0.010597 -0.010448 -0.051725 2.0465376377105713
2_573_1_292_laptop_air_xin_norm 0.999031 -0.031204 -0.020069 -0.023691 0.012713 -0.007919 -0.020654 1.6634705066680908
2_425_5_44_camera_shengjun_norm 0.999439 -0.018415 -0.005892 -0.027331 0.005106 0.019259 -0.046280 2.1521949768066406
1_159_2_440_laptop_air_xin_norm 0.732245 -0.083441 -0.079702 0.671195 0.002955 0.008987 -0.004768 1.42507004737854
3_211_6_191_mug_brown_starbucks_norm 0.991304 -0.034019 -0.073010 -0.104062 -0.005943 0.008324 -0.006569 0.8707869648933411
4_135_3_444_laptop_mac_pro_norm 0.999846 0.014554 0.000182 0.009768 -0.006044 -0.012081 0.036368 1.708143711090088
1_9_4_360_camera_canon_len_norm 0.995179 0.016971 -0.022229 0.094005 0.016656 0.003562 -0.009697 0.1872413158416748
3_108_6_191_mug_brown_starbucks_norm 0.763288 -0.183951 -0.063824 0.616019 -0.005720 0.008220 0.007753 2.1647872924804688
2_623_1_329_mug_daniel_norm 0.994497 0.000969 -0.045776 -0.094226 -0.022169 -0.000437 0.049085 1.281254768371582
6_209_3_326_mug_brown_starbucks_norm 0.998547 0.000036 0.013406 -0.052203 0.011849 0.004101 -0.030651 1.3775222301483154
1_307_2_411_mug_daniel_norm 0.999724 -0.014599 -0.018414 -0.000563 -0.016253 0.006226 -0.053260 1.0151944160461426
6_319_3_13_mug_brown_starbucks_norm 0.999846 0.016055 0.006983 -0.000792 -0.027667 -0.008137 0.037279 0.6907489895820618
4_475_6_68_mug_anastasia_norm 0.995858 -0.021052 -0.031860 -0.082518 -0.000968 -0.034663 0.011389 2.4698996543884277
2_53_1_172_mug_daniel_norm 0.999013 0.017875 -0.000188 -0.040670 0.007400 -0.004721 -0.014824 1.286030650138855
2_307_5_390_camera_shengjun_norm 0.997503 0.002424 -0.003522 -0.070500 0.013262 -0.008778 0.024354 1.0479254722595215
2_148_1_147_mug_daniel_norm 0.989667 0.003209 0.048048 0.135060 0.036770 -0.001141 -0.024948 1.6046892404556274
2_9_1_213_laptop_air_xin_norm 0.999482 0.020886 -0.024415 0.001606 0.003688 0.012837 -0.048130 2.448533296585083
5_278_6_194_laptop_alienware_norm 0.996243 0.009253 -0.037508 -0.077504 0.001165 0.010970 -0.051502 0.7420223951339722
2_121_1_182_mug_daniel_norm 0.999802 -0.007218 0.016491 0.008482 -0.000895 0.008265 -0.005825 2.2176146507263184
5_102_2_54_camera_shengjun_norm 0.999431 0.023005 0.021947 0.011265 -0.011082 -0.011146 0.026309 1.6050134897232056
4_69_1_39_camera_canon_len_norm 0.997480 0.016437 -0.044021 -0.053149 0.002434 -0.000714 0.016324 1.1358575820922852
6_117_3_191_mug_brown_starbucks_norm 0.999221 0.012422 0.008572 0.036459 -0.000482 -0.014371 -0.003301 1.9834842681884766
2_446_5_319_camera_shengjun_norm 0.987619 -0.059643 0.001146 -0.145087 -0.006931 0.018091 -0.018976 0.9554852247238159
2_404_1_296_mug_daniel_norm 0.996408 0.033150 -0.033431 0.070386 0.006895 -0.006101 -0.071301 2.4792346954345703
1_302_4_130_camera_canon_len_norm 0.998547 -0.005420 -0.028923 0.045154 0.017509 -0.000751 -0.041910 1.0975043773651123
6_87_3_184_mug_brown_starbucks_norm 0.995773 0.006171 -0.034076 -0.085070 0.008010 0.004431 -0.036514 2.511411666870117
2_121_1_61_mug_daniel_norm 0.989086 0.033115 -0.005035 0.143485 -0.009571 -0.011145 0.041106 1.713923454284668
1_197_2_140_mug_daniel_norm 0.991835 0.005485 -0.022642 -0.125381 -0.031249 0.021351 0.060486 0.6651781797409058
3_94_4_39_laptop_mac_pro_norm 0.999847 0.005671 0.007676 0.014673 0.021922 0.004860 -0.026515 1.6357779502868652
2_103_1_253_mug_daniel_norm 0.994817 -0.026340 0.010427 0.097658 0.011452 -0.002398 -0.016772 1.2411513328552246
4_433_1_70_camera_canon_len_norm 0.996461 0.037237 0.020288 -0.072570 0.002941 0.018957 -0.029448 0.8799359798431396
2_28_1_126_mug_daniel_norm 0.996727 -0.042360 -0.037218 0.057929 -0.022576 -0.013550 -0.035069 1.4979302883148193
2_68_1_265_laptop_air_xin_norm 0.997993 -0.005306 -0.008938 -0.062470 -0.011955 0.005958 -0.042678 0.7721221446990967
6_184_4_18_mug_anastasia_norm 0.991608 -0.062900 0.000665 0.112943 0.021668 -0.012126 -0.044401 0.40791136026382446
2_549_4_232_can_green_norm 0.995197 0.020280 0.050175 0.081573 0.023546 0.006076 -0.069640 1.821496605873108
5_428_6_450_laptop_alienware_norm 0.999864 -0.003172 0.011637 0.011270 -0.006321 0.013812 0.001103 1.3571929931640625
5_413_6_104_laptop_alienware_norm 0.994212 -0.004739 0.074519 -0.077252 -0.002141 0.010535 0.002940 1.0828052759170532
4_327_1_253_camera_canon_len_norm 0.999056 -0.024378 -0.019279 -0.030348 0.007735 0.015353 -0.000133 1.054360032081604
1_306_2_416_mug_daniel_norm 0.989579 0.050528 0.059139 0.121172 0.002477 -0.005255 0.001880 2.2406933307647705
4_461_1_386_camera_canon_len_norm 0.992598 -0.034759 0.025538 0.113529 0.001514 0.001860 -0.008490 4.99627685546875
2_4_1_157_mug_daniel_norm 0.978309 0.032855 -0.006122 -0.204437 -0.001849 -0.003479 0.004389 1.9423596858978271
2_16_1_175_laptop_air_xin_norm 0.999053 -0.003394 -0.018553 0.039217 0.002268 -0.010259 -0.000767 1.181880235671997
1_304_4_361_camera_canon_len_norm 0.990991 0.032627 -0.049550 -0.120072 0.013900 0.029473 -0.100010 1.43428373336792
6_96_3_99_mug_brown_starbucks_norm 0.998285 0.031344 -0.033559 -0.036320 -0.005426 -0.000900 0.001831 2.7255373001098633
4_453_3_158_laptop_mac_pro_norm 0.972385 -0.035012 -0.032049 0.228506 -0.004764 -0.013963 -0.017090 2.108830451965332
1_10_4_214_camera_canon_len_norm 0.915651 0.081262 0.028782 -0.392621 -0.002121 -0.005014 0.008367 1.49580717086792
6_296_3_241_mug_brown_starbucks_norm 0.999083 0.004043 -0.020513 -0.037356 0.017102 -0.007443 -0.074537 0.49619972705841064
6_281_3_431_mug_brown_starbucks_norm 0.999530 0.008200 -0.025816 -0.014383 0.005586 -0.020962 0.008639 1.673729419708252
3_435_6_77_can_lotte_milk_norm 0.987548 -0.035505 -0.041444 -0.147551 0.001016 0.005845 -0.026569 3.173983335494995
2_115_1_122_mug_daniel_norm 0.998546 -0.008475 0.039655 0.035513 -0.011969 -0.018998 0.013525 0.41695258021354675
5_183_6_337_bowl_white_small_norm 0.995366 0.016606 0.042778 0.084503 0.030510 -0.012210 -0.148313 1.4200975894927979
5_423_3_30_camera_canon_wo_len_norm 0.997922 0.048605 -0.029880 0.029940 -0.014407 0.000157 -0.020891 2.1161983013153076
3_96_4_77_laptop_mac_pro_norm 0.994666 -0.040659 -0.013009 0.093899 0.002185 0.001231 0.003203 2.22104811668396
6_346_3_27_mug_brown_starbucks_norm 0.998855 0.006321 0.002457 0.047363 -0.013548 -0.005057 -0.013254 2.707007646560669
3_209_6_216_mug_brown_starbucks_norm 0.998887 -0.012320 -0.043963 0.011806 -0.006548 0.000854 -0.028055 1.1159324645996094
4_169_3_414_laptop_mac_pro_norm 0.995530 -0.013435 0.014360 -0.092374 -0.009763 -0.004963 0.041150 0.6331073045730591
2_424_1_385_mug_daniel_norm 0.999526 0.019938 0.016695 -0.016490 0.006259 -0.000913 0.008869 0.9814957976341248
5_253_6_41_laptop_alienware_norm 0.997567 -0.033330 -0.059314 0.015190 -0.021942 -0.006045 0.045265 2.2539219856262207
2_139_1_118_mug_daniel_norm 0.999558 -0.007040 0.002633 0.028763 -0.008055 0.009341 0.000279 2.0705041885375977
2_8_5_49_camera_shengjun_norm 0.997266 -0.010080 0.020196 0.070359 0.013271 -0.002777 -0.025820 2.5293521881103516
2_285_1_258_mug_daniel_norm 0.999905 0.001025 0.011898 -0.006820 -0.015017 0.008927 0.051940 1.9844388961791992
5_445_6_445_laptop_alienware_norm 0.991586 0.007325 0.048814 0.119667 0.027714 -0.000762 -0.029600 1.0832639932632446
1_296_6_348_bowl_white_small_norm 0.999180 0.028553 0.027213 0.009109 -0.005937 -0.017895 0.019442 1.9288465976715088
5_345_6_280_laptop_alienware_norm 0.999405 0.005986 -0.032803 -0.008796 0.013809 -0.009516 -0.012996 1.4833430051803589
5_428_2_354_camera_shengjun_norm 0.999554 0.028365 0.008795 -0.003059 -0.000198 0.011920 -0.014635 1.7893507480621338
4_491_3_347_laptop_mac_pro_norm 0.998911 -0.020675 -0.012918 0.039772 0.009631 -0.002523 -0.001223 1.2502350807189941
2_519_4_242_can_green_norm 0.999402 0.023334 0.005838 -0.024821 0.013671 -0.008027 0.021630 1.1570597887039185
6_77_4_80_mug_anastasia_norm 0.993722 0.046460 0.010024 0.101279 -0.008297 -0.015694 0.059326 1.0628066062927246
2_280_5_147_camera_shengjun_norm 0.965948 -0.035905 0.053292 0.250629 -0.001318 0.012352 -0.008320 1.1492279767990112
1_31_6_143_bowl_white_small_norm 0.999021 -0.008614 -0.004290 0.043168 0.003138 -0.000034 0.053277 1.63555908203125
4_16_3_68_laptop_mac_pro_norm 0.997159 0.006608 0.050057 0.055896 -0.007094 -0.004319 -0.050246 1.0817373991012573
2_138_5_345_camera_shengjun_norm 0.991677 0.023636 0.034032 0.121898 0.005053 0.002280 -0.002648 2.930403709411621
1_312_2_271_mug_daniel_norm 0.966612 -0.039032 -0.042680 0.249632 0.027978 -0.004244 -0.058777 1.4864253997802734
5_459_6_234_laptop_alienware_norm 0.999127 -0.014876 0.000972 0.039029 -0.007610 0.000702 0.000927 2.0868613719940186
6_184_3_22_mug_brown_starbucks_norm 0.998660 0.015030 0.001620 0.049495 -0.001273 0.004848 0.005464 0.5045782923698425
3_459_6_196_can_lotte_milk_norm 0.753679 0.018678 -0.019544 -0.656686 -0.017935 0.029200 0.094677 1.8087139129638672
2_146_4_87_bottle_red_stanford_norm 0.998674 -0.005701 -0.033882 -0.038350 0.029961 -0.034037 -0.078116 2.6118156909942627
4_77_1_303_camera_canon_len_norm 0.994016 0.013777 -0.000380 -0.108358 -0.008539 0.002196 0.027987 2.00437068939209
6_83_4_144_mug_anastasia_norm 0.990816 -0.016906 0.067540 0.115916 -0.001432 -0.014169 0.025636 1.2708346843719482
3_228_4_96_laptop_mac_pro_norm 0.999568 -0.027273 0.007973 0.007484 0.009887 0.007201 0.015403 0.8432040214538574
6_179_3_520_mug_brown_starbucks_norm 0.987074 0.042184 -0.017314 -0.153642 0.009969 0.011721 -0.007560 0.9023149609565735
6_367_3_77_mug_brown_starbucks_norm 0.938875 0.086351 0.060591 -0.327699 0.009323 0.004299 -0.028467 2.131298065185547
6_256_3_460_mug_brown_starbucks_norm 0.996720 0.028480 0.045520 -0.060550 -0.014970 0.003240 0.009125 0.5146673917770386
5_35_6_263_bowl_white_small_norm 0.995160 -0.012284 0.005294 0.097352 -0.017598 0.005332 0.008599 1.9174220561981201
1_31_6_438_bowl_white_small_norm 0.999917 0.008782 0.004596 0.008258 0.002831 -0.008644 -0.053723 2.1014842987060547
4_470_1_70_camera_canon_len_norm 0.998136 -0.000389 -0.029389 -0.053481 -0.011059 0.003843 0.082636 2.409778118133545
3_104_6_166_mug_brown_starbucks_norm 0.983804 0.012419 -0.024857 -0.177083 -0.000730 0.025000 0.016383 1.2493414878845215
5_215_6_412_laptop_alienware_norm 0.999147 0.031073 0.006313 0.026466 0.017170 -0.007073 -0.038217 1.393040657043457
3_359_4_289_laptop_mac_pro_norm 0.999850 -0.002614 -0.004951 -0.016396 0.002025 -0.015675 -0.059054 0.6404772996902466
2_23_1_150_mug_daniel_norm 0.979520 0.106318 -0.011082 -0.170632 0.005980 0.010335 -0.000002 0.7195701599121094
6_491_4_418_mug_anastasia_norm 0.999102 0.010441 0.033349 0.023968 0.011826 -0.004135 -0.021621 1.049776315689087
1_17_5_222_bowl_white_small_norm 0.995287 -0.009602 -0.095928 -0.010484 0.008417 -0.008828 -0.005978 2.471546173095703
6_6_3_496_mug_brown_starbucks_norm 0.999836 0.016366 -0.006202 0.004636 0.008260 0.007362 -0.017912 1.700636625289917
3_103_6_300_mug_brown_starbucks_norm 0.997878 0.017533 0.021580 -0.058882 0.012242 0.004769 -0.017962 1.6742851734161377
3_47_5_484_camera_canon_wo_len_norm 0.999617 -0.006974 -0.011115 -0.024353 0.012503 0.020897 -0.000546 0.9341552257537842
2_324_1_150_laptop_air_xin_norm 0.993038 -0.013607 -0.001617 0.116993 0.013108 0.000792 -0.030137 1.2639591693878174
3_186_6_208_mug_brown_starbucks_norm 0.998468 -0.006437 0.047779 0.027149 0.005823 0.011749 0.080843 1.177263855934143
6_525_4_247_mug_anastasia_norm 0.999736 0.019325 -0.000557 0.012414 -0.018647 0.018665 0.055437 1.8499078750610352
3_118_4_471_laptop_mac_pro_norm 0.999670 -0.017372 -0.013356 0.013433 -0.008184 0.024965 -0.025546 0.524527907371521
5_246_6_355_laptop_alienware_norm 0.999206 0.034897 -0.009274 0.016828 -0.005627 0.004642 -0.008997 1.4488575458526611
2_110_5_333_camera_shengjun_norm 0.990869 0.004144 0.054361 0.123313 0.006240 0.003056 0.049259 1.1922681331634521
6_367_4_284_mug_anastasia_norm 0.998648 0.025878 -0.001433 0.045059 0.011368 -0.009829 -0.028431 1.241383671760559
1_360_2_241_mug_daniel_norm 0.999815 0.009921 -0.005956 -0.015387 -0.007570 0.000949 0.016224 1.5267494916915894
5_503_6_220_laptop_alienware_norm 0.997849 -0.042175 0.044214 -0.023757 -0.010657 -0.015942 0.035514 1.357992172241211
1_309_6_125_bowl_white_small_norm 0.983282 -0.001922 0.001042 0.182076 -0.020166 -0.008709 0.002640 1.2860287427902222
6_276_3_100_mug_brown_starbucks_norm 0.999676 0.020130 -0.004813 0.014816 0.046382 -0.011849 -0.136469 1.1536979675292969
1_329_2_240_laptop_air_xin_norm 0.998104 0.023644 0.003760 0.056708 0.001612 -0.026158 -0.006932 1.2822295427322388
1_184_2_225_laptop_air_xin_norm 0.998947 0.004652 -0.035649 -0.028486 -0.008153 0.018482 0.037977 1.153768539428711
6_124_5_9_laptop_alienware_norm 0.995151 0.030608 -0.003742 0.093404 0.005948 -0.024861 -0.088555 1.2633411884307861
2_377_1_389_mug_daniel_norm 0.997864 -0.037422 0.004810 -0.053330 0.001556 -0.011190 0.030146 1.1680045127868652
5_128_2_223_camera_shengjun_norm 0.998228 0.017512 -0.010848 -0.055828 -0.020483 0.000593 0.065222 1.3589084148406982
4_335_1_172_camera_canon_len_norm 0.999131 0.031175 0.017287 0.021603 -0.020813 -0.000491 0.043644 1.0275605916976929
5_256_6_333_laptop_alienware_norm 0.983920 -0.042014 -0.010404 0.173287 -0.000995 -0.004071 -0.046209 0.1611347794532776
5_510_6_279_laptop_alienware_norm 0.999366 0.017495 0.021343 0.022490 -0.002535 -0.019248 0.007638 0.7122246026992798
1_230_2_131_mug_daniel_norm 0.999754 0.011820 0.016910 -0.008085 0.018761 0.015869 -0.071389 0.9317194819450378
4_470_1_39_camera_canon_len_norm 0.989799 -0.028244 -0.006964 0.139471 0.005689 -0.000456 -0.007716 2.090458631515503
5_279_6_55_laptop_alienware_norm 0.997798 -0.023452 -0.003796 0.061930 -0.008299 0.012612 0.009278 1.6882303953170776
6_341_1_187_bowl_white_small_norm 0.995268 0.047073 0.017135 -0.083263 -0.002377 0.006195 0.018009 2.337043046951294
3_461_6_499_can_lotte_milk_norm 0.996526 0.019542 0.055137 0.059282 -0.005927 -0.011898 0.013047 0.6012676358222961
5_213_6_401_laptop_alienware_norm 0.997751 -0.009730 -0.048322 -0.045425 -0.002230 0.026506 0.024247 1.139106273651123
2_220_5_346_camera_shengjun_norm 0.991790 -0.053813 0.044439 0.107149 -0.006578 -0.018286 0.006933 0.8981510400772095
6_94_3_61_mug_brown_starbucks_norm 0.998856 0.017940 -0.018145 0.040445 0.004489 -0.005844 -0.075100 0.149894118309021
6_84_3_254_mug_brown_starbucks_norm 0.994833 0.005585 -0.009918 -0.100883 0.020168 0.022101 -0.063876 1.8986726999282837
6_487_4_265_mug_anastasia_norm 0.986183 0.045101 -0.061174 -0.147193 -0.005635 0.008146 -0.045170 3.3374433517456055
2_513_1_28_laptop_air_xin_norm 0.998216 0.000701 -0.039992 0.044321 -0.005878 0.005351 -0.042130 0.8533704280853271
3_460_6_551_mug_brown_starbucks_norm 0.994711 0.050704 0.033887 -0.082652 0.013348 0.016122 -0.037633 2.037442922592163
3_199_6_24_mug_brown_starbucks_norm 0.992711 -0.007424 0.064615 0.101461 -0.006264 -0.004623 0.040825 2.1716625690460205
5_437_6_105_laptop_alienware_norm 0.995756 -0.001413 0.008074 0.091666 -0.005185 -0.001086 -0.025323 1.1882853507995605
6_103_5_70_laptop_alienware_norm 0.999929 0.011045 0.003761 -0.002584 0.007510 -0.001961 0.002046 2.0717382431030273
6_242_5_356_laptop_alienware_norm 0.999253 0.033166 0.005770 0.018992 0.013854 0.004636 -0.030392 1.3678984642028809
6_286_3_89_mug_brown_starbucks_norm 0.959910 0.054278 -0.028306 -0.273541 0.001167 0.011042 -0.003179 2.0317912101745605
5_408_6_98_laptop_alienware_norm 0.993540 0.005558 0.000112 -0.113349 -0.003912 -0.016384 0.046441 2.431830406188965
2_539_1_365_mug_daniel_norm 0.998693 -0.022797 -0.030610 -0.033989 0.029443 -0.002770 -0.055701 2.3879270553588867
1_314_4_319_camera_canon_len_norm 0.999183 -0.009196 -0.029847 0.025650 -0.011973 0.016489 0.005421 0.9222697615623474
6_9_3_471_mug_brown_starbucks_norm 0.983833 0.107636 0.047137 -0.135148 0.004243 0.004627 -0.021303 1.5043553113937378
4_395_6_539_mug_anastasia_norm 0.995029 -0.004345 0.074638 -0.065789 -0.011247 0.005234 0.031226 0.8531361818313599
6_131_3_311_mug_brown_starbucks_norm 0.998576 -0.023594 -0.043407 -0.020129 -0.014706 0.010131 0.036930 2.6005547046661377
2_391_4_176_can_green_norm 0.999661 0.008583 0.012006 0.021465 0.002255 0.017193 -0.030404 1.4814444780349731
6_125_1_360_bowl_white_small_norm 0.994329 0.023679 0.023002 -0.101095 0.002311 0.018741 -0.042486 1.1575844287872314
1_93_6_417_bowl_white_small_norm 0.970565 -0.064966 0.032643 0.229605 -0.000865 -0.001370 -0.004401 1.5966212749481201
2_135_5_329_camera_shengjun_norm 0.988022 0.001159 0.005723 0.154200 0.017760 -0.010143 -0.044771 1.1080141067504883
4_452_1_73_camera_canon_len_norm 0.860496 -0.088550 0.008684 0.501628 0.021147 0.012110 -0.013129 2.3380658626556396
5_513_6_327_bowl_white_small_norm 0.995897 0.009265 0.040424 0.080430 -0.019428 0.002479 0.028264 0.6384948492050171
2_362_4_412_can_green_norm 0.991969 0.040853 -0.017333 -0.118443 -0.009646 0.000276 0.029697 0.8775750994682312