1_175_2_524_laptop_air_xin_norm 0.999577 -0.024657 0.008234 0.013014 -0.002183 0.020391 0.072112 1.6454243659973145
4_312_1_90_camera_canon_len_norm 0.998615 0.051747 -0.006424 -0.006993 0.013620 -0.003204 -0.070439 0.38987070322036743
6_66_1_309_bowl_white_small_norm 0.999687 0.000678 -0.021494 0.012816 -0.000452 0.008665 0.044559 0.37725234031677246
2_182_1_300_mug_daniel_norm 0.996374 -0.013343 -0.066201 -0.051755 -0.004639 0.009362 0.001728 1.3788658380508423
1_316_2_220_mug_daniel_norm 0.995187 -0.016172 -0.024080 0.093599 -0.005518 -0.005553 0.036140 1.550176978111267
3_513_4_196_laptop_mac_pro_norm 0.993926 -0.002821 -0.056114 0.094625 0.000672 0.003637 0.009611 0.939162015914917
2_159_5_53_camera_shengjun_norm 0.997700 0.003665 -0.002117 0.067657 0.019149 -0.007000 -0.054712 2.0593066215515137
5_160_6_376_laptop_alienware_norm 0.994076 -0.010368 0.047066 -0.097419 0.000103 0.006604 -0.017818 1.5013372898101807
1_359_4_432_camera_canon_len_norm 0.998745 -0.000644 -0.012114 0.048595 0.002279 -0.008066 -0.050205 1.0710232257843018
1_310_5_188_bowl_white_small_norm 0.998784 0.008937 -0.044299 0.019687 0.006247 0.024301 -0.068511 1.4697930812835693
3_118_6_258_mug_brown_starbucks_norm 0.995786 -0.035267 -0.026177 -0.080511 -0.010791 0.007977 0.018707 1.0598567724227905
6_411_4_339_mug_anastasia_norm 0.999883 -0.007504 0.008018 0.010672 0.008289 0.002747 -0.050630 0.7936223149299622
6_214_3_521_mug_brown_starbucks_norm 0.991862 0.024763 -0.019245 -0.123393 -0.000360 0.016228 0.020737 1.4825677871704102
4_471_3_157_laptop_mac_pro_norm 0.999852 -0.007445 0.006344 0.014137 0.001968 0.005979 -0.033587 1.402714729309082
5_154_2_237_camera_shengjun_norm 0.999497 0.000238 -0.002144 0.031649 0.004232 0.001483 -0.023884 1.8427629470825195
6_314_4_264_mug_anastasia_norm 0.998781 0.030416 0.022270 -0.031869 -0.002401 0.002811 0.051665 0.4686319828033447
4_44_1_81_camera_canon_len_norm 0.999360 -0.015051 0.003532 -0.032264 -0.002794 -0.000686 0.003135 2.5508334636688232
5_405_6_336_laptop_alienware_norm 0.999384 0.007364 -0.004392 0.034028 -0.003374 0.010756 -0.005109 2.5973339080810547
6_98_5_88_laptop_alienware_norm 0.997155 -0.033652 0.007356 0.067051 0.003358 -0.023688 -0.048489 2.069469928741455
2_556_1_218_laptop_air_xin_norm 0.999712 0.000754 -0.003232 0.023787 0.011438 0.011966 -0.020178 2.484220027923584