1_175_2_524_laptop_air_xin_norm 0.994245 0.081008 0.054463 0.044134 -0.004832 -0.055413 -0.043113 0.19363796710968018
4_312_1_90_camera_canon_len_norm 0.971554 0.152960 -0.171324 -0.057738 0.027654 -0.034442 0.087109 1.6175415515899658
6_66_1_309_bowl_white_small_norm 0.944860 -0.001949 -0.026652 -0.326383 0.450784 -0.634568 -0.143044 0.41395238041877747
2_182_1_300_mug_daniel_norm 0.995214 -0.053813 -0.031252 -0.075345 0.073943 -0.014474 0.219767 1.4997761249542236
1_316_2_220_mug_daniel_norm 0.986523 0.096918 0.020533 0.130225 -0.097218 0.049241 -0.222091 0.9094613194465637
3_513_4_196_laptop_mac_pro_norm 0.958534 -0.083048 -0.229507 -0.147115 0.003179 -0.104191 -0.026507 0.8447336554527283
2_159_5_53_camera_shengjun_norm 0.963594 -0.062629 -0.255177 -0.049489 -0.088865 -0.012234 0.344582 1.097390055656433
5_160_6_376_laptop_alienware_norm 0.984875 0.033093 -0.169881 -0.008153 0.031621 -0.056819 0.263359 0.9138295650482178
1_359_4_432_camera_canon_len_norm 0.984810 0.094211 0.114063 0.090897 -0.094287 -0.003635 -0.181647 2.565049648284912
1_310_5_188_bowl_white_small_norm 0.976656 0.123663 0.162646 -0.066303 0.076480 0.106439 0.395773 1.3128832578659058
3_118_6_258_mug_brown_starbucks_norm 0.999182 0.002536 -0.001522 -0.040330 -0.004437 0.035055 -0.018264 0.6021029353141785
6_411_4_339_mug_anastasia_norm 0.969162 0.064789 -0.031758 0.235623 0.039090 0.058960 0.018415 3.774041175842285
6_214_3_521_mug_brown_starbucks_norm 0.447947 0.479340 0.001314 -0.754702 -0.215362 -0.167038 0.185640 0.5554038286209106
4_471_3_157_laptop_mac_pro_norm 0.947665 -0.013097 0.083818 0.307788 -0.110832 0.030505 0.120386 0.2458110749721527
5_154_2_237_camera_shengjun_norm 0.928925 -0.007402 0.315554 -0.193568 -0.022116 -0.036482 -0.056965 0.4875437319278717
6_314_4_264_mug_anastasia_norm 0.991391 0.017852 -0.088411 -0.094917 0.005555 -0.013492 -0.018776 1.1224629878997803
4_44_1_81_camera_canon_len_norm 0.985476 0.083193 -0.145046 -0.029612 0.062108 -0.024930 0.074439 1.3018609285354614
5_405_6_336_laptop_alienware_norm 0.950241 -0.192567 -0.079459 0.231618 -0.008112 0.215014 0.318710 0.4610726833343506
6_98_5_88_laptop_alienware_norm 0.886898 -0.387811 0.191106 0.162764 -0.568731 0.887209 -0.379447 0.03363175317645073
2_556_1_218_laptop_air_xin_norm 0.982569 -0.121130 -0.007852 -0.140798 -0.030465 0.013968 0.003514 1.0440738201141357