1_175_2_524_laptop_air_xin_norm 0.980113 -0.015306 0.155614 0.122185 -0.139806 -0.052965 0.101416 832.3463134765625
4_312_1_90_camera_canon_len_norm 0.880039 0.025737 -0.385426 -0.276252 0.435747 -0.073757 0.064237 584.677734375
6_66_1_309_bowl_white_small_norm 0.999505 0.025326 -0.003423 -0.018339 -0.003615 0.039424 -0.041701 1119.770263671875
2_182_1_300_mug_daniel_norm 0.998279 0.017891 0.051195 0.022327 -0.074372 0.001849 -0.048892 1267.590087890625
1_316_2_220_mug_daniel_norm 0.994443 0.014123 -0.091860 -0.049457 0.119440 0.023135 -0.002061 1180.93310546875
3_513_4_196_laptop_mac_pro_norm 0.985215 -0.073230 -0.144066 -0.056864 0.169455 -0.030125 0.147893 804.9346923828125
2_159_5_53_camera_shengjun_norm 0.991010 -0.076189 -0.103660 -0.036738 0.125702 -0.068013 0.133660 1008.944580078125
5_160_6_376_laptop_alienware_norm 0.997063 -0.066944 -0.037160 0.001667 0.051567 -0.090402 0.107032 1016.7340087890625
1_359_4_432_camera_canon_len_norm 0.960447 0.017473 0.231362 0.153976 -0.250322 -0.037844 0.093434 697.27490234375
1_310_5_188_bowl_white_small_norm 0.999929 -0.008910 -0.003566 -0.007041 0.008298 -0.011508 0.014946 956.824951171875
3_118_6_258_mug_brown_starbucks_norm 0.995899 -0.068181 0.036807 0.046705 -0.032177 -0.128727 0.061141 883.0609130859375
6_411_4_339_mug_anastasia_norm 0.991513 0.021495 -0.121698 -0.040366 0.185356 0.056014 0.035743 984.4010620117188
6_214_3_521_mug_brown_starbucks_norm 0.986582 0.046381 -0.126415 -0.092324 0.153737 0.088073 0.005787 945.5827026367188
4_471_3_157_laptop_mac_pro_norm 0.934003 -0.017215 0.286370 0.212920 -0.252085 -0.134588 0.144719 759.9554443359375
5_154_2_237_camera_shengjun_norm 0.964717 -0.029433 0.198344 0.170631 -0.185681 -0.115536 0.093462 595.6082153320312
6_314_4_264_mug_anastasia_norm 0.983398 0.177823 0.000300 -0.036158 -0.012575 0.309027 -0.105510 806.0406494140625
4_44_1_81_camera_canon_len_norm 0.825920 0.085592 -0.454923 -0.321832 0.558328 -0.039630 0.053375 497.60687255859375
5_405_6_336_laptop_alienware_norm 0.989788 -0.052588 0.119150 0.057952 -0.136398 -0.102050 0.088617 1071.1708984375
6_98_5_88_laptop_alienware_norm 0.993458 0.002302 0.102084 0.051128 -0.126536 -0.018154 0.030762 698.7379760742188
2_556_1_218_laptop_air_xin_norm 0.996174 0.027710 -0.063895 -0.052784 0.080623 0.051081 -0.035945 882.448974609375