5_313_2_381_camera_shengjun_norm 0.994547 0.062096 -0.003918 0.083693 0.016760 -0.002572 -0.036968 1.7011815309524536
2_29_1_32_mug_daniel_norm 0.992766 -0.019623 -0.028684 -0.114929 -0.008378 0.008396 0.055862 0.5017842054367065
1_71_2_138_mug_daniel_norm 0.998329 0.023912 0.030875 0.042600 0.020539 -0.010848 -0.046607 1.9699565172195435
2_263_1_368_mug_daniel_norm 0.999267 0.000511 0.031427 -0.021858 0.018628 0.001726 0.006568 1.1468812227249146
5_277_6_317_laptop_alienware_norm 0.998419 0.001459 0.002042 0.056156 0.000779 0.003417 0.035903 0.4846811890602112
6_351_5_275_laptop_alienware_norm 0.994427 -0.027574 -0.020986 -0.099574 -0.002669 -0.000278 0.011402 1.4531134366989136
6_423_5_176_bowl_white_small_norm 0.999763 0.000064 -0.011081 -0.018723 -0.003592 0.006886 0.051679 2.206103563308716
5_356_2_335_camera_shengjun_norm 0.999546 0.028165 0.010373 0.002667 0.003859 -0.012710 0.001765 1.854556679725647
3_241_4_433_laptop_mac_pro_norm 0.999702 -0.015073 0.006101 -0.018227 -0.005282 -0.003886 0.021706 2.2126214504241943
2_117_1_169_mug_daniel_norm 0.999672 0.008622 0.004728 0.023635 -0.007961 0.009798 -0.005009 1.2142869234085083
6_250_3_515_mug_brown_starbucks_norm 0.998233 0.004871 -0.047377 0.035538 -0.007479 0.010183 0.010577 1.129441738128662
2_580_5_417_camera_shengjun_norm 0.998382 -0.034016 0.012074 0.043932 -0.005761 -0.018048 0.009971 1.6965810060501099
6_208_4_182_mug_anastasia_norm 0.986962 0.006346 -0.044716 -0.154485 0.003865 0.005240 0.031778 1.1807817220687866
2_131_4_78_bottle_red_stanford_norm 0.999741 -0.007962 -0.004404 -0.020846 0.008329 -0.006436 -0.005439 2.5367558002471924
2_177_5_6_camera_shengjun_norm 0.999817 0.005320 0.009077 -0.015991 -0.013086 -0.010103 0.040578 1.8049876689910889
5_49_2_64_camera_shengjun_norm 0.998404 0.003583 -0.031716 -0.046583 0.001294 0.003905 -0.036566 1.5696501731872559
3_137_6_131_mug_brown_starbucks_norm 0.999169 -0.021331 -0.031282 -0.015083 -0.028936 0.007560 0.047980 4.603712558746338
1_40_2_556_laptop_air_xin_norm 0.998139 -0.020117 -0.025089 -0.051810 0.006853 -0.010244 0.006152 0.5904974937438965
1_320_2_263_mug_daniel_norm 0.998934 0.007833 0.005966 0.045094 -0.024875 0.033662 0.042068 1.2953119277954102
2_145_1_71_mug_daniel_norm 0.999130 -0.004975 0.000618 -0.041391 -0.007410 -0.005169 0.036180 3.0663013458251953
2_573_1_218_laptop_air_xin_norm 0.999589 0.005944 0.015122 0.023603 0.003252 0.012711 -0.016580 1.4851113557815552
5_384_2_498_camera_shengjun_norm 0.999505 0.019344 0.003263 0.024598 -0.010363 -0.004589 0.003041 1.247630000114441
2_120_5_246_camera_shengjun_norm 0.978927 -0.004604 0.005380 -0.204086 -0.000012 0.009327 0.021088 0.7367501258850098
2_175_5_29_camera_shengjun_norm 0.999479 -0.016072 0.000113 -0.027989 -0.002778 0.009587 0.025086 1.5803430080413818
1_194_5_362_bowl_white_small_norm 0.998048 0.033757 0.002344 -0.052492 -0.003174 0.024055 0.022495 1.7596697807312012
5_183_6_475_laptop_alienware_norm 0.999837 0.004754 0.005885 -0.016372 0.012758 0.006986 -0.037011 0.8217391967773438
1_191_4_452_camera_canon_len_norm 0.998195 -0.002570 0.022257 -0.055712 0.011177 -0.001616 0.025643 2.2474565505981445
6_374_1_194_bowl_white_small_norm 0.999050 0.025954 0.026835 -0.022482 -0.017030 0.019502 0.035410 0.5468378067016602
3_456_4_158_laptop_mac_pro_norm 0.999632 0.001883 0.023557 -0.013316 0.017638 0.010987 -0.026785 2.0262322425842285
6_497_5_5_bowl_white_small_norm 0.994720 -0.007471 0.000830 0.102354 -0.007921 0.011067 0.032708 3.1969547271728516
2_561_1_200_laptop_air_xin_norm 0.999846 0.006963 -0.006434 0.014746 0.017654 -0.005404 -0.091817 1.3534847497940063
5_78_6_508_laptop_alienware_norm 0.999400 -0.006271 -0.020049 -0.027554 -0.016241 -0.008457 0.012496 1.0019422769546509
1_348_6_136_bowl_white_small_norm 0.998078 -0.000429 -0.041398 -0.046115 -0.000167 -0.013607 0.011481 3.2089829444885254
1_14_2_146_laptop_air_xin_norm 0.999697 0.003874 0.017912 0.016421 -0.011407 -0.010723 -0.025982 1.8332154750823975
2_15_1_118_mug_daniel_norm 0.998897 0.005378 -0.023733 -0.040169 -0.025089 0.005435 0.062603 1.855701208114624
6_346_4_260_mug_anastasia_norm 0.977746 -0.006850 -0.013733 0.209229 -0.004046 -0.028572 0.084720 4.147424221038818
1_145_2_15_mug_daniel_norm 0.992597 0.033099 -0.015990 0.115759 0.008083 0.005800 -0.051856 4.347001075744629
3_154_6_237_mug_brown_starbucks_norm 0.998397 -0.017063 -0.002920 -0.053892 0.008823 -0.001565 -0.007789 1.7284011840820312
5_88_3_158_camera_canon_wo_len_norm 0.994645 0.023300 -0.002048 -0.100669 -0.007627 0.017208 0.000888 2.177638530731201
6_131_3_22_mug_brown_starbucks_norm 0.999093 -0.016124 0.000111 -0.039414 -0.016872 -0.017028 0.032449 1.2987630367279053
3_387_4_449_laptop_mac_pro_norm 0.991395 0.030874 -0.031134 -0.123345 -0.007953 -0.018485 -0.004057 1.258952260017395
5_433_3_90_camera_canon_wo_len_norm 0.994153 -0.023443 -0.039900 -0.097564 0.016882 0.011138 0.059432 2.8606319427490234
4_396_6_195_mug_anastasia_norm 0.991874 -0.000070 0.024108 0.124918 0.027521 0.001761 -0.058889 1.0008354187011719
3_15_6_296_mug_brown_starbucks_norm 0.998696 0.039011 0.023534 -0.023019 0.004035 0.009746 -0.015888 2.1515116691589355
1_269_2_55_laptop_air_xin_norm 0.997139 -0.013907 0.055279 0.049653 0.013377 -0.020954 -0.012414 0.9981299638748169
4_335_1_378_camera_canon_len_norm 0.991117 0.029705 0.045354 0.121441 -0.000505 -0.013370 0.007862 1.1846821308135986
4_249_6_368_mug_anastasia_norm 0.975461 0.079891 0.023401 0.203830 -0.000912 -0.040730 0.069360 1.2663556337356567
3_14_6_551_mug_brown_starbucks_norm 0.999568 0.011384 -0.027068 -0.001368 0.005169 0.004571 -0.016424 1.9412801265716553
4_324_3_124_laptop_mac_pro_norm 0.998567 0.051205 0.001207 -0.015482 -0.008386 -0.008196 0.002696 2.627246856689453
2_449_1_357_mug_daniel_norm 0.996109 -0.018056 0.001741 -0.086242 -0.004776 0.012901 -0.025458 1.7830127477645874
6_428_4_339_mug_anastasia_norm 0.997909 -0.052582 -0.017600 0.033210 -0.023503 0.023185 0.040752 2.5420217514038086
3_351_4_257_laptop_mac_pro_norm 0.995717 0.023617 0.021475 0.086765 -0.001541 -0.007539 -0.020361 0.45313596725463867
6_560_5_247_laptop_alienware_norm 0.997761 -0.012160 -0.005866 0.065504 0.005298 0.013135 -0.037956 2.0819435119628906
2_421_4_451_can_green_norm 0.999378 -0.035035 0.000637 0.003978 -0.001233 0.032641 -0.015730 1.7261390686035156
4_291_3_156_laptop_mac_pro_norm 0.998303 -0.039366 -0.020921 -0.037475 -0.008486 0.014720 0.027942 2.631586790084839
2_524_1_386_mug_daniel_norm 0.999150 -0.004420 -0.035963 -0.019632 -0.025588 -0.024016 0.104122 1.2334246635437012
3_317_6_94_mug_brown_starbucks_norm 0.996268 0.009837 -0.024617 -0.082145 0.005045 0.004216 -0.020665 4.102033615112305
2_573_1_292_laptop_air_xin_norm 0.999031 -0.031197 -0.020075 -0.023688 0.012710 -0.007908 -0.020598 1.6931414604187012
2_425_5_44_camera_shengjun_norm 0.996965 -0.027337 0.033408 0.064782 -0.008013 0.003912 0.001650 0.99581378698349
1_159_2_440_laptop_air_xin_norm 0.732238 -0.083469 -0.079701 0.671200 0.002990 0.008949 -0.004774 1.4441463947296143
3_211_6_191_mug_brown_starbucks_norm 0.997499 -0.017405 -0.061809 0.029539 0.022721 0.003528 -0.088111 2.444467306137085
4_135_3_444_laptop_mac_pro_norm 0.998379 -0.014916 0.020757 -0.050858 0.001765 -0.002017 0.001081 2.736164093017578
1_9_4_360_camera_canon_len_norm 0.999064 -0.014250 0.004058 -0.040643 -0.011482 0.004330 -0.015088 2.3110709190368652
3_108_6_191_mug_brown_starbucks_norm 0.999809 -0.011326 0.003659 -0.015509 -0.006241 0.009588 -0.033403 1.8097987174987793
2_623_1_329_mug_daniel_norm 0.983324 -0.007719 -0.003652 0.181661 -0.000504 0.007565 -0.036655 1.397613525390625
6_209_3_326_mug_brown_starbucks_norm 0.999595 0.017052 -0.006708 -0.021769 -0.010648 0.004950 0.033742 2.081084728240967
1_307_2_411_mug_daniel_norm 0.999858 0.011150 0.001112 0.012603 0.009339 -0.033964 -0.041757 2.1395673751831055
6_319_3_13_mug_brown_starbucks_norm 0.998679 0.008908 0.032281 0.038962 0.000487 0.003078 -0.057371 0.7167828679084778
4_475_6_68_mug_anastasia_norm 0.995855 -0.021050 -0.031869 -0.082550 -0.000992 -0.034699 0.011418 2.423499584197998
2_53_1_172_mug_daniel_norm 0.999016 0.017859 -0.000209 -0.040599 0.007487 -0.004747 -0.014943 1.279660940170288
2_307_5_390_camera_shengjun_norm 0.987037 0.037459 0.072295 0.138305 -0.011229 -0.008045 -0.049225 0.7180767059326172
2_148_1_147_mug_daniel_norm 0.989671 0.003192 0.048044 0.135031 0.036811 -0.001127 -0.025023 1.6176767349243164
2_9_1_213_laptop_air_xin_norm 0.999482 0.020892 -0.024428 0.001621 0.003695 0.012864 -0.047981 2.4961435794830322
5_278_6_194_laptop_alienware_norm 0.991026 0.014977 -0.029812 -0.129439 -0.001965 0.007738 -0.044667 1.030394434928894
2_121_1_182_mug_daniel_norm 0.999803 -0.007193 0.016429 0.008453 -0.000958 0.008273 -0.005497 2.1750903129577637
5_102_2_54_camera_shengjun_norm 0.999839 0.005071 -0.012389 -0.011963 -0.010487 -0.002045 0.013543 0.7351316213607788
4_69_1_39_camera_canon_len_norm 0.999646 -0.015031 0.015642 0.015395 -0.000104 -0.013858 -0.025352 1.4492418766021729
6_117_3_191_mug_brown_starbucks_norm 0.997613 -0.014361 -0.016832 0.065408 0.006565 0.013647 -0.029848 0.762479305267334
2_446_5_319_camera_shengjun_norm 0.999390 -0.005330 0.004249 0.034252 -0.003310 0.024515 -0.022790 2.794626474380493
2_404_1_296_mug_daniel_norm 0.998301 -0.036089 0.000159 0.045747 0.003693 0.012035 0.005947 2.19844126701355
1_302_4_130_camera_canon_len_norm 0.999780 0.000664 -0.008870 0.018976 0.017102 -0.008159 -0.018436 0.4088495075702667
6_87_3_184_mug_brown_starbucks_norm 0.995727 0.006251 -0.034043 -0.085614 0.008056 0.004397 -0.036721 2.5369935035705566
2_121_1_61_mug_daniel_norm 0.989092 0.033069 -0.005021 0.143453 -0.009506 -0.011051 0.040859 1.6758544445037842
1_197_2_140_mug_daniel_norm 0.944544 0.019947 0.025936 -0.326751 -0.008293 0.008213 0.061956 1.0066336393356323
3_94_4_39_laptop_mac_pro_norm 0.991662 -0.008943 -0.047522 0.119447 0.007877 -0.012757 -0.014826 1.0441101789474487
2_103_1_253_mug_daniel_norm 0.994814 -0.026345 0.010457 0.097683 0.011381 -0.002410 -0.016816 1.2536028623580933
4_433_1_70_camera_canon_len_norm 0.995715 0.022276 0.046643 0.076676 -0.023723 -0.000121 -0.003638 0.7817241549491882
2_28_1_126_mug_daniel_norm 0.998744 -0.029186 -0.034201 0.022122 -0.020913 0.004105 0.088799 1.618006706237793
2_68_1_265_laptop_air_xin_norm 0.994140 -0.006419 0.048334 -0.096481 0.036719 0.006038 -0.042909 1.8585675954818726
6_184_4_18_mug_anastasia_norm 0.995579 -0.008447 -0.032800 0.087612 -0.002747 0.007525 0.033107 1.1068284511566162
2_549_4_232_can_green_norm 0.999515 0.017555 -0.008188 -0.024364 -0.002938 -0.020658 0.006506 0.7068639397621155
5_428_6_450_laptop_alienware_norm 0.954219 -0.051883 0.011533 0.294347 0.001139 0.009504 0.007447 2.248143434524536
5_413_6_104_laptop_alienware_norm 0.977626 -0.004056 0.024786 0.208844 0.009391 -0.000913 0.022558 0.5318951606750488
4_327_1_253_camera_canon_len_norm 0.998580 -0.002830 -0.028179 -0.045121 -0.032706 0.005322 0.005827 1.2922744750976562
1_306_2_416_mug_daniel_norm 0.997691 0.021422 0.048598 0.042332 0.006284 -0.002318 -0.000627 2.8897924423217773
4_461_1_386_camera_canon_len_norm 0.997880 0.042654 -0.017838 -0.045802 -0.000977 0.003772 -0.011643 3.1659698486328125
2_4_1_157_mug_daniel_norm 0.978312 0.032818 -0.006127 -0.204427 -0.001854 -0.003569 0.004483 1.904428482055664
2_16_1_175_laptop_air_xin_norm 0.996716 0.000146 -0.034413 -0.073300 -0.002121 -0.018795 -0.021040 1.0477194786071777
1_304_4_361_camera_canon_len_norm 0.994449 0.035536 -0.008127 0.098703 -0.012561 -0.004769 -0.010181 0.41939273476600647
6_96_3_99_mug_brown_starbucks_norm 0.998284 0.031342 -0.033563 -0.036324 -0.005429 -0.000917 0.001790 2.7085671424865723
4_453_3_158_laptop_mac_pro_norm 0.991556 0.069885 -0.041661 -0.100985 -0.001231 -0.003452 0.005301 1.7605321407318115
1_10_4_214_camera_canon_len_norm 0.915665 0.081255 0.028799 -0.392589 -0.002166 -0.005009 0.008332 1.5127674341201782
6_296_3_241_mug_brown_starbucks_norm 0.997783 0.023842 0.062041 -0.003426 0.002719 -0.017738 -0.046193 1.489632487297058
6_281_3_431_mug_brown_starbucks_norm 0.997900 0.030188 0.051560 -0.025026 0.002594 0.004170 -0.046299 2.9449102878570557
3_435_6_77_can_lotte_milk_norm 0.998848 -0.013961 -0.038388 -0.025164 0.002611 0.003384 -0.034127 1.2122907638549805
2_115_1_122_mug_daniel_norm 0.964144 -0.046060 -0.001342 0.261347 -0.017774 -0.037505 0.127881 3.1331870555877686
5_183_6_337_bowl_white_small_norm 0.994835 -0.012622 -0.023061 -0.098040 0.006268 -0.004950 0.027842 0.3581019937992096
5_423_3_30_camera_canon_wo_len_norm 0.999716 0.021735 0.001030 0.009696 0.002845 -0.004765 -0.059326 1.9997072219848633
3_96_4_77_laptop_mac_pro_norm 0.998240 0.046201 0.036960 0.003957 0.012737 -0.008504 -0.059410 0.7253742218017578
6_346_3_27_mug_brown_starbucks_norm 0.874427 0.108112 0.061607 -0.468928 0.005143 -0.013186 0.008982 2.1819357872009277
3_209_6_216_mug_brown_starbucks_norm 0.998888 -0.012328 -0.043943 0.011842 -0.006508 0.000941 -0.028159 1.1708650588989258
4_169_3_414_laptop_mac_pro_norm 0.989150 -0.010828 0.052622 -0.136736 -0.003191 0.004902 0.050378 1.6694188117980957
2_424_1_385_mug_daniel_norm 0.999526 0.019925 0.016708 -0.016479 0.006219 -0.000943 0.008702 1.0625275373458862
5_253_6_41_laptop_alienware_norm 0.997567 -0.033322 -0.059322 0.015192 -0.021953 -0.006031 0.045344 2.2485556602478027
2_139_1_118_mug_daniel_norm 0.999557 -0.007041 0.002641 0.028789 -0.008033 0.009359 0.000105 2.060610294342041
2_8_5_49_camera_shengjun_norm 0.997264 -0.010088 0.020203 0.070382 0.013280 -0.002831 -0.025825 2.544858932495117
2_285_1_258_mug_daniel_norm 0.956430 0.006772 0.057527 -0.286159 0.009912 -0.002873 0.140865 1.0921167135238647
5_445_6_445_laptop_alienware_norm 0.996371 -0.003275 0.020444 -0.082561 -0.002454 0.003469 0.114710 2.2629685401916504
1_296_6_348_bowl_white_small_norm 0.998870 0.030335 -0.016227 0.032777 0.010687 0.002932 0.019064 0.14444667100906372
5_345_6_280_laptop_alienware_norm 0.999398 0.005951 -0.032952 -0.009109 0.013911 -0.009692 -0.012793 1.3850075006484985
5_428_2_354_camera_shengjun_norm 0.999572 0.027916 0.008705 -0.001271 -0.000267 0.011867 -0.014545 1.740839958190918
4_491_3_347_laptop_mac_pro_norm 0.997949 -0.015086 0.021036 0.058550 -0.025255 0.004270 0.039795 1.5080043077468872
2_519_4_242_can_green_norm 0.999555 0.018517 -0.022190 -0.007414 -0.011849 0.015761 0.066947 1.2510783672332764
6_77_4_80_mug_anastasia_norm 0.993652 0.046631 0.010212 0.101864 -0.008520 -0.015623 0.059499 1.0172533988952637
2_280_5_147_camera_shengjun_norm 0.965960 -0.035920 0.053320 0.250577 -0.001414 0.012308 -0.008121 1.1444214582443237
1_31_6_143_bowl_white_small_norm 0.999021 -0.008612 -0.004287 0.043186 0.003090 -0.000106 0.053346 1.6964861154556274
4_16_3_68_laptop_mac_pro_norm 0.999914 -0.010244 0.006972 -0.004367 0.003562 -0.000981 0.003187 4.5338945388793945
2_138_5_345_camera_shengjun_norm 0.991664 0.023691 0.034046 0.121990 0.005099 0.002306 -0.002858 2.976105213165283
1_312_2_271_mug_daniel_norm 0.994332 -0.016428 -0.007958 0.104740 -0.004856 0.008613 -0.004772 0.8746182918548584
5_459_6_234_laptop_alienware_norm 0.999128 -0.014886 0.000978 0.039002 -0.007591 0.000694 0.000779 2.0683867931365967
6_184_3_22_mug_brown_starbucks_norm 0.993370 -0.029429 -0.073199 -0.083614 -0.011434 -0.001312 -0.014288 2.3878116607666016
3_459_6_196_can_lotte_milk_norm 0.998341 -0.036670 -0.005505 -0.044046 -0.002249 -0.001383 0.006305 3.194371223449707
2_146_4_87_bottle_red_stanford_norm 0.997798 0.046520 -0.045720 0.012069 -0.001701 -0.009231 -0.050478 1.8770604133605957
4_77_1_303_camera_canon_len_norm 0.999333 -0.020321 0.025956 -0.015713 -0.030828 -0.040403 -0.037745 1.675302505493164
6_83_4_144_mug_anastasia_norm 0.992020 -0.001258 0.056471 0.112722 0.014878 -0.006964 0.010126 1.4305464029312134
3_228_4_96_laptop_mac_pro_norm 0.999567 -0.027283 0.007997 0.007518 0.009857 0.007154 0.015162 0.8483295440673828
6_179_3_520_mug_brown_starbucks_norm 0.996679 0.021921 0.046456 -0.063192 0.021704 0.002472 -0.014290 1.1791716814041138
6_367_3_77_mug_brown_starbucks_norm 0.938876 0.086365 0.060587 -0.327691 0.009313 0.004298 -0.028350 2.1706647872924805
6_256_3_460_mug_brown_starbucks_norm 0.996722 0.028482 0.045527 -0.060514 -0.014984 0.003269 0.009139 0.5208977460861206
5_35_6_263_bowl_white_small_norm 0.998044 0.016020 0.003149 0.060349 -0.019261 0.012560 0.004292 1.6175910234451294
1_31_6_438_bowl_white_small_norm 0.999917 0.008766 0.004603 0.008261 0.002823 -0.008669 -0.053724 2.1242754459381104
4_470_1_70_camera_canon_len_norm 0.998126 -0.000331 -0.029351 -0.053687 -0.011086 0.003788 0.082257 2.4337193965911865
3_104_6_166_mug_brown_starbucks_norm 0.998519 0.008572 -0.017309 -0.050857 0.002360 0.002976 0.035077 1.5175129175186157
5_215_6_412_laptop_alienware_norm 0.994863 0.006230 0.019473 0.099149 0.011948 0.007720 0.006839 0.5606443881988525
3_359_4_289_laptop_mac_pro_norm 0.999213 0.008838 0.009807 0.037408 -0.016539 0.004641 0.053761 0.3697202801704407
2_23_1_150_mug_daniel_norm 0.983359 -0.031690 -0.067331 -0.165733 -0.018267 -0.006477 0.033454 0.13974834978580475
6_491_4_418_mug_anastasia_norm 0.999852 -0.005730 -0.005282 -0.015306 0.017004 -0.003474 -0.015137 0.5969839692115784
1_17_5_222_bowl_white_small_norm 0.995286 -0.009600 -0.095932 -0.010493 0.008392 -0.008897 -0.006061 2.5088655948638916
6_6_3_496_mug_brown_starbucks_norm 0.999836 0.016392 -0.006247 0.004608 0.008409 0.007471 -0.017694 1.6670171022415161
3_103_6_300_mug_brown_starbucks_norm 0.997881 0.017540 0.021558 -0.058838 0.012289 0.004814 -0.017922 1.697614073753357
3_47_5_484_camera_canon_wo_len_norm 0.999623 -0.006990 -0.011046 -0.024148 0.012456 0.021080 -0.000587 0.9491486549377441
2_324_1_150_laptop_air_xin_norm 0.993039 -0.013598 -0.001618 0.116984 0.013122 0.000820 -0.030252 1.2632807493209839
3_186_6_208_mug_brown_starbucks_norm 0.969081 -0.037236 -0.009183 -0.243745 -0.003615 -0.005877 0.016095 2.6597037315368652
6_525_4_247_mug_anastasia_norm 0.999248 0.000238 -0.038533 -0.004329 -0.011214 0.001435 0.032184 1.5642638206481934
3_118_4_471_laptop_mac_pro_norm 0.984464 -0.025248 -0.031625 0.170861 -0.002807 -0.003844 -0.034739 0.9936364889144897
5_246_6_355_laptop_alienware_norm 0.999205 0.034915 -0.009181 0.016920 -0.005545 0.004626 -0.009090 1.4755103588104248
2_110_5_333_camera_shengjun_norm 0.982950 0.032368 -0.003684 -0.180965 0.005448 0.013508 0.005866 0.7695778012275696
6_367_4_284_mug_anastasia_norm 0.998649 0.025851 -0.001416 0.045062 0.011410 -0.009737 -0.028636 1.2147579193115234
1_360_2_241_mug_daniel_norm 0.999815 0.009912 -0.005951 -0.015392 -0.007586 0.000880 0.016067 1.5074198246002197
5_503_6_220_laptop_alienware_norm 0.989413 -0.051218 0.042202 0.129063 0.001156 -0.006032 -0.026535 2.3792200088500977
1_309_6_125_bowl_white_small_norm 0.983292 -0.001921 0.001032 0.182021 -0.020134 -0.008713 0.002665 1.2983795404434204
6_276_3_100_mug_brown_starbucks_norm 0.995472 0.022389 0.035275 0.085387 0.004077 -0.000267 0.007263 2.184448480606079
1_329_2_240_laptop_air_xin_norm 0.990823 0.046479 0.038285 0.121009 0.006839 -0.009862 0.002018 0.5676077604293823
1_184_2_225_laptop_air_xin_norm 0.929584 -0.057904 0.018138 0.363582 0.067292 -0.001381 -0.044669 1.1899185180664062
6_124_5_9_laptop_alienware_norm 0.995180 0.030555 -0.003887 0.093104 0.006076 -0.025006 -0.088507 1.2308874130249023
2_377_1_389_mug_daniel_norm 0.962919 -0.045996 -0.091269 -0.249684 -0.021441 0.006026 0.046831 1.564563274383545
5_128_2_223_camera_shengjun_norm 0.995645 0.020672 0.013548 0.089892 -0.000962 0.002175 0.021392 2.503255844116211
4_335_1_172_camera_canon_len_norm 0.999139 0.031153 0.017140 0.021391 -0.020832 -0.000423 0.044064 1.0401239395141602
5_256_6_333_laptop_alienware_norm 0.998514 0.010862 0.037253 0.038264 -0.025028 0.024854 -0.002725 0.7052991390228271
5_510_6_279_laptop_alienware_norm 0.998385 0.031160 0.018558 -0.043727 -0.004355 0.008879 0.014006 1.654587984085083
1_230_2_131_mug_daniel_norm 0.999755 0.011856 0.016944 -0.007854 0.018569 0.016056 -0.071138 1.0075945854187012
4_470_1_39_camera_canon_len_norm 0.989799 -0.028222 -0.006990 0.139473 0.005603 -0.000434 -0.007374 2.148228645324707
5_279_6_55_laptop_alienware_norm 0.999679 -0.002422 0.019467 0.016037 -0.017006 0.024468 0.037927 1.188469648361206
6_341_1_187_bowl_white_small_norm 0.983954 -0.001120 0.034981 0.174955 0.017938 0.001628 -0.010141 0.4682391583919525
3_461_6_499_can_lotte_milk_norm 0.995166 -0.038007 0.019479 0.088438 0.001111 -0.013044 0.052073 1.476645588874817
5_213_6_401_laptop_alienware_norm 0.997752 -0.009692 -0.048328 -0.045410 -0.002155 0.026563 0.023981 1.114078402519226
2_220_5_346_camera_shengjun_norm 0.998188 -0.029273 0.015920 0.050104 -0.007011 0.029572 0.039135 1.8498419523239136
6_94_3_61_mug_brown_starbucks_norm 0.995750 0.071361 0.018881 0.055074 -0.014700 0.001954 0.002991 0.45408719778060913
6_84_3_254_mug_brown_starbucks_norm 0.994747 0.005537 -0.010329 -0.101693 0.020154 0.021901 -0.063496 1.8156917095184326
6_487_4_265_mug_anastasia_norm 0.991225 0.004378 0.004610 -0.132035 0.008601 0.011477 -0.036068 1.5479602813720703
2_513_1_28_laptop_air_xin_norm 0.963741 -0.063840 -0.135940 -0.220561 0.005874 0.013227 -0.000289 1.7077680826187134
3_460_6_551_mug_brown_starbucks_norm 0.994713 0.050713 0.033874 -0.082623 0.013363 0.016189 -0.037498 1.983661413192749
3_199_6_24_mug_brown_starbucks_norm 0.999604 -0.023417 -0.009492 -0.012347 0.012363 -0.021485 -0.057027 3.4982211589813232
5_437_6_105_laptop_alienware_norm 0.995757 -0.001405 0.008067 0.091660 -0.005177 -0.001082 -0.025267 1.1721082925796509
6_103_5_70_laptop_alienware_norm 0.999929 0.011017 0.003751 -0.002723 0.007650 -0.001992 0.001984 2.052356243133545
6_242_5_356_laptop_alienware_norm 0.996518 0.067890 0.000936 0.048399 -0.011307 -0.011540 0.018490 1.292377233505249
6_286_3_89_mug_brown_starbucks_norm 0.959909 0.054287 -0.028307 -0.273545 0.001200 0.011056 -0.003302 2.042999267578125
5_408_6_98_laptop_alienware_norm 0.993535 0.005519 0.000094 -0.113392 -0.003901 -0.016462 0.046472 2.3513994216918945
2_539_1_365_mug_daniel_norm 0.996689 -0.006620 -0.007167 -0.080721 -0.021397 0.017573 0.021415 0.6464846730232239
1_314_4_319_camera_canon_len_norm 0.999183 -0.009214 -0.029837 0.025642 -0.011884 0.016584 0.005349 0.9395511150360107
6_9_3_471_mug_brown_starbucks_norm 0.997542 0.012377 0.027420 0.063288 0.006974 0.021320 0.008080 0.571778416633606
4_395_6_539_mug_anastasia_norm 0.998983 -0.001125 -0.042703 0.014433 0.008264 0.019375 -0.046089 2.2718281745910645
6_131_3_311_mug_brown_starbucks_norm 0.999237 -0.009497 0.026641 0.026918 -0.003446 -0.018116 0.028087 2.6805872917175293
2_391_4_176_can_green_norm 0.997117 -0.014281 0.038295 0.063925 -0.001453 -0.016968 0.006959 0.9617832899093628
6_125_1_360_bowl_white_small_norm 0.994318 0.023705 0.022994 -0.101202 0.002331 0.018758 -0.042486 1.14730966091156
1_93_6_417_bowl_white_small_norm 0.970697 -0.064866 0.032730 0.229061 -0.000842 -0.001388 -0.004329 1.6562780141830444
2_135_5_329_camera_shengjun_norm 0.999463 0.025129 0.020970 0.001515 -0.010168 0.010933 -0.069924 1.5515336990356445
4_452_1_73_camera_canon_len_norm 0.860442 -0.088543 0.008697 0.501720 0.021141 0.012154 -0.013276 2.3014607429504395
5_513_6_327_bowl_white_small_norm 0.999860 -0.011295 -0.011549 -0.004463 0.006041 -0.007095 -0.024615 1.2087336778640747
2_362_4_412_can_green_norm 0.997377 -0.020089 0.025212 0.064809 0.011820 -0.013100 -0.009597 1.8263386487960815