1_175_2_524_laptop_air_xin_norm 0.104291 0.773495 0.608645 -0.142758 0.059880 -0.295388 -0.940020 0.6349391937255859
4_312_1_90_camera_canon_len_norm 0.971567 0.152957 -0.171313 -0.057557 0.027630 -0.034345 0.087048 1.6871591806411743
6_66_1_309_bowl_white_small_norm 0.940996 -0.083313 -0.128593 -0.301745 0.303646 -0.388378 -0.160088 0.8210813403129578
2_182_1_300_mug_daniel_norm 0.995182 -0.053738 -0.031253 -0.075820 0.073880 -0.014876 0.219930 1.6111544370651245
1_316_2_220_mug_daniel_norm 0.988855 0.118794 0.015299 0.088430 -0.085946 -0.007713 -0.174402 0.3304787278175354
3_513_4_196_laptop_mac_pro_norm 0.440800 -0.347990 -0.189219 0.805478 -0.217999 0.231180 -0.360316 1.2974441051483154
2_159_5_53_camera_shengjun_norm 0.963588 -0.062531 -0.255170 -0.049763 -0.088962 -0.012393 0.344701 1.0869414806365967
5_160_6_376_laptop_alienware_norm 0.986044 0.131419 -0.077404 0.066747 0.258149 -0.111966 0.509542 0.9792172908782959
1_359_4_432_camera_canon_len_norm 0.983613 0.064327 0.114352 0.123658 -0.096368 0.061867 -0.129915 0.3204977512359619
1_310_5_188_bowl_white_small_norm 0.969477 0.096586 0.222827 0.033661 0.131694 0.174749 0.583639 1.0092236995697021
3_118_6_258_mug_brown_starbucks_norm 0.998997 -0.005275 0.001254 -0.044456 0.024537 0.056022 -0.068591 1.7411192655563354
6_411_4_339_mug_anastasia_norm 0.968970 0.064845 -0.031545 0.236426 0.039054 0.059225 0.018373 3.8097383975982666
6_214_3_521_mug_brown_starbucks_norm 0.601377 0.486147 0.014243 -0.633880 -0.186009 -0.175768 0.193542 1.0472393035888672
4_471_3_157_laptop_mac_pro_norm 0.955846 0.136977 0.257406 -0.036574 0.207369 -0.099498 0.205765 0.35356131196022034
5_154_2_237_camera_shengjun_norm 0.928918 -0.007429 0.315562 -0.193589 -0.022057 -0.036423 -0.056845 0.5047086477279663
6_314_4_264_mug_anastasia_norm 0.992841 0.028912 -0.084539 -0.079271 0.004252 -0.044983 -0.003118 0.5929860472679138
4_44_1_81_camera_canon_len_norm 0.985484 0.083160 -0.145058 -0.029377 0.062033 -0.024737 0.074475 1.403708577156067
5_405_6_336_laptop_alienware_norm 0.949584 -0.191912 -0.095319 0.228856 -0.033022 0.255127 0.236175 0.39207175374031067
6_98_5_88_laptop_alienware_norm 0.897323 -0.131285 0.265984 0.326847 -0.206191 0.479250 -0.031294 0.24708031117916107
2_556_1_218_laptop_air_xin_norm 0.982539 -0.121088 -0.007713 -0.141051 -0.030209 0.013969 0.003592 1.066131591796875